% # columns="iteration, evaluation, sigma, max axis length,  min axis length, all principal axes lengths  (sorted square roots of eigenvalues of C)", seed=585703, Fri Feb  6 17:43:59 2026
1 6 19.169464008364777 1.000046154911259 1.0 1.0 1.0000038461612426 1.000007692337278 1.0000115385281068 1.0000153847337283 1.0000192309541431 1.000023077189351 1.0000269234393524 1.0000307697041468 1.0000346159837348 1.000038462278116 1.0000423085872907 1.000046154911259
2 12 18.998099180524 1.0643284353852376 0.962464898809858 0.962464898809858 0.9679261285922698 0.9920169798661388 0.9992668953861202 0.9992698725571031 0.9992772915044326 0.9992821897972295 0.9992895653887576 0.9992924891588125 0.9993015481352995 1.002034491006296 1.0172598581824994 1.0643284353852376
3 18 18.946100358652412 1.094950004660247 0.937172238272397 0.937172238272397 0.9668723688543213 0.9694641890170069 0.981272771400911 0.9871926443708103 0.9975995817015947 0.9985376630368761 0.9986015035507265 0.9999468307417038 1.005477903874117 1.0123591788468884 1.0363547956269592 1.094950004660247
4 24 18.46967503066611 1.1095930028075167 0.9179531841063434 0.9179531841063434 0.9517633280741401 0.966351075404077 0.9699723467045455 0.9795572037426192 0.9874142044228772 0.9965873217902645 0.9978008772341119 0.9996375567055765 1.0062032408834607 1.0138427078243077 1.0923072498547386 1.1095930028075167
5 30 18.2729995407023 1.1133130915625125 0.9151621410853442 0.9151621410853442 0.9464938561836304 0.9500023365069229 0.9624415781679955 0.9759870433077686 0.9799927018802467 0.9863652013462171 0.9963118429696242 1.0029062325379832 1.0095396754526214 1.0245302249510926 1.0909303114773024 1.1133130915625125
6 36 17.131564142949067 1.1121395693913856 0.9106634704317156 0.9106634704317156 0.9324262961795882 0.9464392136047735 0.9519652010092367 0.963270970900261 0.9778041675790968 0.9844457104652192 0.9881145566904106 0.9998409059721084 1.0016153867617683 1.058267946548177 1.096339381293104 1.1121395693913856
7 42 15.97769802065163 1.1136541580983836 0.8910989172726741 0.8910989172726741 0.9187122709669512 0.9351381879702544 0.9450009474350259 0.9624780282538165 0.9750131289696256 0.9800095269482508 0.9893635003513029 0.9980925259029053 1.0049869244154788 1.059519504306024 1.1005944796678064 1.1136541580983836
8 48 15.591918805653576 1.1180062624493678 0.8826127570033631 0.8826127570033631 0.9106030848309415 0.9249860873421889 0.9404863321675768 0.9517687725991875 0.9687834216773192 0.9772236820666822 0.9884505698016107 0.9910792734853113 0.9970107787773123 1.059363315065024 1.1048790923213097 1.1180062624493678
9 54 14.524017218372094 1.1299371184747278 0.8584741849085892 0.8584741849085892 0.9154839026166728 0.9248342741292688 0.942122781983261 0.9452510755936133 0.9648862827482255 0.9743908009771047 0.9835175587667399 0.9902607491040418 1.0160814075659736 1.0494921492690101 1.0896368559424514 1.1299371184747278
