% # columns="iteration, evaluation, min 25%tile 75%tile max correlation, correlation matrix principal axes lengths  (sorted square roots of eigenvalues of correlation matrix)", seed=585703, Fri Feb  6 17:43:59 2026
1 6 -0.049139996429318815 -0.007541670537847191 0.0034345478795640674 0.026603588436997838 0.9467595213229384 0.984113027557338 0.9911834308142422 0.9944499988193448 0.9962908628358762 0.9995183837719467 0.9998753037771212 1.000292115933386 1.0016138638371748 1.0047017455108493 1.0069301246126972 1.0291115999499962 1.0422045146064276
2 12 -0.049139996429318815 -0.007541670537847191 0.0034345478795640674 0.026603588436997838 0.9467595213229384 0.984113027557338 0.9911834308142422 0.9944499988193448 0.9962908628358762 0.9995183837719467 0.9998753037771212 1.000292115933386 1.0016138638371748 1.0047017455108493 1.0069301246126972 1.0291115999499962 1.0422045146064276
3 18 -0.049139996429318815 -0.007541670537847191 0.0034345478795640674 0.026603588436997838 0.9467595213229384 0.984113027557338 0.9911834308142422 0.9944499988193448 0.9962908628358762 0.9995183837719467 0.9998753037771212 1.000292115933386 1.0016138638371748 1.0047017455108493 1.0069301246126972 1.0291115999499962 1.0422045146064276
4 24 -0.049139996429318815 -0.007541670537847191 0.0034345478795640674 0.026603588436997838 0.9467595213229384 0.984113027557338 0.9911834308142422 0.9944499988193448 0.9962908628358762 0.9995183837719467 0.9998753037771212 1.000292115933386 1.0016138638371748 1.0047017455108493 1.0069301246126972 1.0291115999499962 1.0422045146064276
5 30 -0.049139996429318815 -0.007541670537847191 0.0034345478795640674 0.026603588436997838 0.9467595213229384 0.984113027557338 0.9911834308142422 0.9944499988193448 0.9962908628358762 0.9995183837719467 0.9998753037771212 1.000292115933386 1.0016138638371748 1.0047017455108493 1.0069301246126972 1.0291115999499962 1.0422045146064276
6 36 -0.049139996429318815 -0.007541670537847191 0.0034345478795640674 0.026603588436997838 0.9467595213229384 0.984113027557338 0.9911834308142422 0.9944499988193448 0.9962908628358762 0.9995183837719467 0.9998753037771212 1.000292115933386 1.0016138638371748 1.0047017455108493 1.0069301246126972 1.0291115999499962 1.0422045146064276
7 42 -0.049139996429318815 -0.007541670537847191 0.0034345478795640674 0.026603588436997838 0.9467595213229384 0.984113027557338 0.9911834308142422 0.9944499988193448 0.9962908628358762 0.9995183837719467 0.9998753037771212 1.000292115933386 1.0016138638371748 1.0047017455108493 1.0069301246126972 1.0291115999499962 1.0422045146064276
8 48 -0.049139996429318815 -0.007541670537847191 0.0034345478795640674 0.026603588436997838 0.9467595213229384 0.984113027557338 0.9911834308142422 0.9944499988193448 0.9962908628358762 0.9995183837719467 0.9998753037771212 1.000292115933386 1.0016138638371748 1.0047017455108493 1.0069301246126972 1.0291115999499962 1.0422045146064276
9 54 -0.049139996429318815 -0.007541670537847191 0.0034345478795640674 0.026603588436997838 0.9467595213229384 0.984113027557338 0.9911834308142422 0.9944499988193448 0.9962908628358762 0.9995183837719467 0.9998753037771212 1.000292115933386 1.0016138638371748 1.0047017455108493 1.0069301246126972 1.0291115999499962 1.0422045146064276
