% # columns="iteration, evaluation, sigma, beta, void,  sigvec==sigma_vec.scaling factors from diagonal decoding", seed=318616, Fri Feb 27 00:52:13 2026, <python>{}</python>
1 40 17.49904158050493 1 0 0.0017500000000000003 0.0013333282051380673 0.004999961538609468 0.0016649807885723736 0.01 0.01 0.5 0.5 0.25 0.04666505131000953 0.33332051306705796 0.03 0.03
2 80 17.694830103420124 1 0 0.0017500000000000003 0.0013333282051380673 0.004999961538609468 0.0016649807885723736 0.01 0.01 0.5 0.5 0.25 0.04666505131000953 0.33332051306705796 0.03 0.03
3 120 18.922583169819124 1 0 0.0017500000000000003 0.0013333282051380673 0.004999961538609468 0.0016649807885723736 0.01 0.01 0.5 0.5 0.25 0.04666505131000953 0.33332051306705796 0.03 0.03
4 160 20.18709792892814 1 0 0.0017500000000000003 0.0013333282051380673 0.004762416132529136 0.0016649807885723736 0.01 0.01 0.5 0.5 0.25 0.043974988575491446 0.31586314784914094 0.03 0.03
5 200 21.702973694947165 1 0 0.0016980537742095473 0.0012792771032489308 0.004432503249230568 0.0015197192400084462 0.01 0.009423460013124699 0.5 0.5 0.25 0.037485831491710135 0.29852494160859766 0.03 0.03
6 240 24.542292405520335 1 0 0.0015367666876614492 0.001120585867666755 0.003952305226709796 0.001336546031657823 0.01 0.008499330893026654 0.5 0.5 0.25 0.03279525181829308 0.2683318722774875 0.03 0.03
7 280 25.917619582682292 1 0 0.0014547531970683387 0.0010779169718248575 0.0036754711810275797 0.0012636485337173483 0.01 0.007884993245329177 0.5 0.5 0.25 0.03249820659962787 0.2544565788345304 0.03 0.03
8 320 31.291354032583317 1 0 0.001173796588351763 0.0008747962009366257 0.003065709186164965 0.0010343309783088942 0.009168831644177512 0.0065170745341369156 0.5 0.5 0.25 0.027032639235844605 0.21369796950132192 0.03 0.03
9 360 35.09411109222334 1 0 0.0010912504875138463 0.0007930108527952614 0.002706603343115443 0.000956703368628405 0.008360465149433671 0.005651147962589884 0.5 0.5 0.25 0.023732627463221936 0.19319176860385537 0.03 0.03
10 400 39.52281351155862 1 0 0.0009665779668891404 0.0007162178785767067 0.002413203558561313 0.0008324209241953264 0.007470278957551785 0.004864330600901376 0.5 0.5 0.25 0.021230987521241383 0.17098698065863066 0.03 0.03
11 440 39.75742451514458 1 0 0.0009665779668891404 0.0007104293988855943 0.002413203558561313 0.0008288076392129018 0.007470278957551785 0.004731546620602077 0.5 0.5 0.25 0.021116087553147513 0.16996139410007421 0.03 0.03
12 480 38.27727712662822 1 0 0.0009665779668891404 0.0007104293988855943 0.002413203558561313 0.0008288076392129018 0.007470278957551785 0.004731546620602077 0.5 0.5 0.25 0.021116087553147513 0.16996139410007421 0.03 0.03
13 520 37.44896078700799 1 0 0.0009665779668891404 0.0007104293988855943 0.002413203558561313 0.0008288076392129018 0.007470278957551785 0.004731546620602077 0.5 0.5 0.25 0.021116087553147513 0.16996139410007421 0.03 0.03
14 560 34.046821053438556 1 0 0.0009665779668891404 0.0007104293988855943 0.002413203558561313 0.0008288076392129018 0.007470278957551785 0.004731546620602077 0.5 0.5 0.25 0.021116087553147513 0.16996139410007421 0.03 0.03
15 600 31.984981961332842 1 0 0.0009665779668891404 0.0007104293988855943 0.002413203558561313 0.0008288076392129018 0.007470278957551785 0.004731546620602077 0.5 0.5 0.25 0.021116087553147513 0.16996139410007421 0.03 0.03
16 640 30.811302696983823 1 0 0.0009665779668891404 0.0007104293988855943 0.002413203558561313 0.0008288076392129018 0.007470278957551785 0.004731546620602077 0.5 0.5 0.25 0.021116087553147513 0.16996139410007421 0.03 0.03
17 680 33.94947573449543 1 0 0.0009665779668891404 0.0007104293988855943 0.002413203558561313 0.0008288076392129018 0.007470278957551785 0.004731546620602077 0.5 0.5 0.25 0.021116087553147513 0.16996139410007421 0.03 0.03
18 720 31.359584216945265 1 0 0.0009665779668891404 0.0007104293988855943 0.002413203558561313 0.0008288076392129018 0.007470278957551785 0.004731546620602077 0.5 0.5 0.25 0.021116087553147513 0.16996139410007421 0.03 0.03
19 760 31.169310795632086 1 0 0.0009665779668891404 0.0007104293988855943 0.002413203558561313 0.0008288076392129018 0.007470278957551785 0.004731546620602077 0.5 0.5 0.25 0.021116087553147513 0.16996139410007421 0.03 0.03
20 800 29.216639192619482 1 0 0.0009665779668891404 0.0007104293988855943 0.002413203558561313 0.0008288076392129018 0.007470278957551785 0.004731546620602077 0.5 0.5 0.25 0.021116087553147513 0.16996139410007421 0.03 0.03
21 840 29.495503928302753 1 0 0.0009665779668891404 0.0007104293988855943 0.002413203558561313 0.0008288076392129018 0.007470278957551785 0.004731546620602077 0.5 0.5 0.25 0.021116087553147513 0.16996139410007421 0.03 0.03
22 880 27.076070842523297 1 0 0.0009665779668891404 0.0007104293988855943 0.002413203558561313 0.0008288076392129018 0.007470278957551785 0.004731546620602077 0.5 0.5 0.25 0.021116087553147513 0.16996139410007421 0.03 0.03
23 920 26.103111304325168 1 0 0.0009665779668891404 0.0007104293988855943 0.002413203558561313 0.0008288076392129018 0.007470278957551785 0.004731546620602077 0.5 0.5 0.25 0.021116087553147513 0.16996139410007421 0.03 0.03
24 960 28.347843661847246 1 0 0.0009665779668891404 0.0007104293988855943 0.002413203558561313 0.0008288076392129018 0.007470278957551785 0.004731546620602077 0.5 0.5 0.25 0.021116087553147513 0.16996139410007421 0.03 0.03
25 1000 29.818470288731156 1 0 0.0009665779668891404 0.0007104293988855943 0.002413203558561313 0.0008288076392129018 0.007470278957551785 0.004731546620602077 0.5 0.5 0.25 0.021116087553147513 0.16996139410007421 0.03 0.03
26 1040 30.707317343440216 1 0 0.0009665779668891404 0.0007104293988855943 0.002413203558561313 0.0008288076392129018 0.007470278957551785 0.004731546620602077 0.5 0.5 0.25 0.021116087553147513 0.16996139410007421 0.03 0.03
27 1080 31.38027298153479 1 0 0.0009665779668891404 0.0007104293988855943 0.002413203558561313 0.0008288076392129018 0.007470278957551785 0.004731546620602077 0.5 0.5 0.25 0.021116087553147513 0.16996139410007421 0.03 0.03
28 1120 32.75723879559471 1 0 0.0009665779668891404 0.0007104293988855943 0.002413203558561313 0.0008288076392129018 0.007470278957551785 0.004731546620602077 0.5 0.5 0.25 0.021116087553147513 0.16996139410007421 0.03 0.03
29 1160 35.2977838900256 1 0 0.0009665779668891404 0.0007104293988855943 0.002413203558561313 0.0008288076392129018 0.007470278957551785 0.004731546620602077 0.5 0.5 0.25 0.021116087553147513 0.16996139410007421 0.03 0.03
30 1200 35.095127678367454 1 0 0.0009665779668891404 0.0007104293988855943 0.002413203558561313 0.0008288076392129018 0.007470278957551785 0.004731546620602077 0.5 0.5 0.25 0.021116087553147513 0.16996139410007421 0.03 0.03
31 1240 30.79116002184019 1 0 0.0009665779668891404 0.0007104293988855943 0.002413203558561313 0.0008288076392129018 0.007470278957551785 0.004731546620602077 0.5 0.5 0.25 0.021116087553147513 0.16996139410007421 0.03 0.03
32 1280 27.408975934252542 1 0 0.0009665779668891404 0.0007104293988855943 0.002413203558561313 0.0008288076392129018 0.007470278957551785 0.004731546620602077 0.5 0.5 0.25 0.021116087553147513 0.16996139410007421 0.03 0.03
33 1320 26.308559171388673 1 0 0.0009665779668891404 0.0007104293988855943 0.002413203558561313 0.0008288076392129018 0.007470278957551785 0.004731546620602077 0.5 0.5 0.25 0.021116087553147513 0.16996139410007421 0.03 0.03
34 1360 24.81158713630536 1 0 0.0009665779668891404 0.0007104293988855943 0.002413203558561313 0.0008288076392129018 0.007470278957551785 0.004731546620602077 0.5 0.5 0.25 0.021116087553147513 0.16996139410007421 0.03 0.03
35 1400 25.367489418689996 1 0 0.0009665779668891404 0.0007104293988855943 0.002413203558561313 0.0008288076392129018 0.007470278957551785 0.004731546620602077 0.5 0.5 0.25 0.021116087553147513 0.16996139410007421 0.03 0.03
36 1440 23.02350384850058 1 0 0.0009665779668891404 0.0007104293988855943 0.002413203558561313 0.0008288076392129018 0.007470278957551785 0.004731546620602077 0.5 0.5 0.25 0.021116087553147513 0.16996139410007421 0.03 0.03
37 1480 21.545761610471388 1 0 0.0009665779668891404 0.0007104293988855943 0.002413203558561313 0.0008288076392129018 0.007470278957551785 0.004731546620602077 0.5 0.5 0.25 0.021116087553147513 0.16996139410007421 0.03 0.03
38 1520 20.960876880198228 1 0 0.0009665779668891404 0.0007104293988855943 0.002413203558561313 0.0008288076392129018 0.007470278957551785 0.004731546620602077 0.5 0.5 0.25 0.021116087553147513 0.16996139410007421 0.03 0.03
39 1560 20.60560127807311 1 0 0.0009665779668891404 0.0007104293988855943 0.002413203558561313 0.0008288076392129018 0.007470278957551785 0.004731546620602077 0.5 0.5 0.25 0.021116087553147513 0.16996139410007421 0.03 0.03
40 1600 21.108077004968607 1 0 0.0009665779668891404 0.0007104293988855943 0.002413203558561313 0.0008288076392129018 0.007470278957551785 0.004731546620602077 0.5 0.5 0.25 0.021116087553147513 0.16996139410007421 0.03 0.03
41 1640 20.453692096065815 1 0 0.0009665779668891404 0.0007104293988855943 0.002413203558561313 0.0008288076392129018 0.007470278957551785 0.004731546620602077 0.5 0.5 0.25 0.021116087553147513 0.16996139410007421 0.03 0.03
